[100] MAE: 0.000446, RMSE: 0.000583, R2: -17.041712 – 0:00:00.050559 – 24.7 KB
[200] MAE: 0.000311, RMSE: 0.000445, R2: -8.171731 – 0:00:00.094990 – 25.76 KB
[300] MAE: 0.000254, RMSE: 0.000377, R2: -4.992398 – 0:00:00.139535 – 25.76 KB
[400] MAE: 0.000228, RMSE: 0.00034, R2: -3.56115 – 0:00:00.184068 – 25.76 KB
[500] MAE: 0.000204, RMSE: 0.000311, R2: -2.784896 – 0:00:00.228763 – 25.76 KB
[600] MAE: 0.000339, RMSE: 0.002022, R2: -107.238667 – 0:00:00.273338 – 25.76 KB
[700] MAE: 262.826861, RMSE: 2,476.090811, R2: -72,718,093,453,704.90625 – 0:00:00.317940 – 25.76 KB
[800] MAE: 805.054321, RMSE: 3,500.700565, R2: -124,076,739,328,114.078125 – 0:00:00.362653 – 25.76 KB
[900] MAE: 1,255.812954, RMSE: 4,232.277276, R2: -174,740,785,316,509.78125 – 0:00:00.407458 – 25.76 KB
[1,000] MAE: 1,404.879809, RMSE: 4,186.960237, R2: -174,484,815,973,708.53125 – 0:00:00.452257 – 25.76 KB
[1,100] MAE: 1,378.630776, RMSE: 4,023.076624, R2: -164,753,361,050,024.28125 – 0:00:00.497045 – 25.76 KB
[1,200] MAE: 892,934.805986, RMSE: 4,719,379.691436, R2: -217,346,498,225,968,447,488. – 0:00:00.541836 – 25.76 KB
[1,300] MAE: 1,841,295.844726, RMSE: 7,105,861.487924, R2: -497,402,298,378,982,064,128. – 0:00:00.586530 – 25.76 KB
[1,400] MAE: 1,955,637.407841, RMSE: 6,985,116.017733, R2: -482,964,645,093,251,678,208. – 0:00:00.631251 – 25.76 KB
[1,500] MAE: 1,902,492.114726, RMSE: 6,759,737.190477, R2: -419,558,787,791,960,539,136. – 0:00:00.675970 – 25.76 KB
[1,600] MAE: 1,815,572.699459, RMSE: 6,547,417.341513, R2: -355,724,341,153,203,945,472. – 0:00:00.720665 – 25.76 KB
[1,700] MAE: 76,749,354.481944, RMSE: 1,057,176,653.060543, R2: -8,464,328,791,199,880,740,601,856. – 0:00:00.765349 – 25.76 KB
[1,800] MAE: 707,345,529.337846, RMSE: 4,282,238,287.827734, R2: -136,451,607,470,233,898,979,426,304. – 0:00:00.810073 – 25.76 KB
[1,900] MAE: 3,978,834,233.845791, RMSE: 25,167,481,619.95892, R2: -4,626,254,280,600,986,624,932,708,352. – 0:00:00.854815 – 25.76 KB
[2,000] MAE: 10,512,109,255.443047, RMSE: 56,830,593,043.203621, R2: -21,898,703,738,092,857,241,498,550,272. – 0:00:00.899535 – 25.76 KB
[2,100] MAE: 11,472,878,980.848011, RMSE: 56,557,266,549.390762, R2: -21,487,515,975,018,766,096,425,549,824. – 0:00:00.944292 – 25.76 KB
[2,200] MAE: 12,298,142,374.472345, RMSE: 59,495,071,073.700317, R2: -24,064,329,084,259,784,515,550,969,856. – 0:00:00.989139 – 25.76 KB
[2,300] MAE: 17,282,163,895.058659, RMSE: 78,013,595,858.635956, R2: -36,691,025,433,633,921,045,006,123,008. – 0:00:01.033986 – 25.76 KB
[2,400] MAE: 17,879,725,424.813957, RMSE: 76,893,989,056.236923, R2: -35,231,839,232,538,561,633,123,827,712. – 0:00:01.078764 – 25.76 KB
[2,500] MAE: 17,554,827,765.749451, RMSE: 75,391,913,749.652267, R2: -34,478,448,185,294,570,284,797,394,944. – 0:00:01.123555 – 25.76 KB
[2,600] MAE: 17,152,220,723.43576, RMSE: 73,950,224,852.655746, R2: -33,386,030,855,533,600,299,508,826,112. – 0:00:01.168331 – 25.76 KB
[2,700] MAE: 16,738,454,722.035507, RMSE: 72,583,064,956.01152, R2: -32,368,608,277,371,054,897,888,231,424. – 0:00:01.213146 – 25.76 KB
[2,800] MAE: 19,170,309,919.867416, RMSE: 83,712,232,832.878067, R2: -43,756,615,002,806,360,131,562,897,408. – 0:00:01.258044 – 25.76 KB
[2,900] MAE: 19,301,717,726.827507, RMSE: 82,499,223,177.871658, R2: -42,699,597,404,853,211,363,773,775,872. – 0:00:01.302822 – 25.76 KB
[3,000] MAE: 18,959,599,514.623322, RMSE: 81,153,100,281.515533, R2: -41,529,293,453,223,077,535,383,814,144. – 0:00:01.347546 – 25.76 KB
[3,100] MAE: 18,534,566,570.277454, RMSE: 79,847,279,931.098099, R2: -40,784,748,397,493,746,681,342,066,688. – 0:00:01.392076 – 25.76 KB
[3,200] MAE: 18,043,331,107.691158, RMSE: 78,592,503,491.321793, R2: -40,101,704,909,043,136,785,977,180,160. – 0:00:01.436630 – 25.76 KB
[3,300] MAE: 17,576,182,622.647335, RMSE: 77,394,691,130.144424, R2: -39,391,711,392,505,194,953,228,419,072. – 0:00:01.481222 – 25.76 KB
[3,400] MAE: 17,175,023,377.168736, RMSE: 76,253,561,964.249451, R2: -37,116,397,323,959,832,965,137,039,360. – 0:00:01.525764 – 25.76 KB
[3,500] MAE: 16,741,552,826.203987, RMSE: 75,157,649,487.547012, R2: -35,278,377,415,837,541,979,780,022,272. – 0:00:01.570282 – 25.76 KB
[3,600] MAE: 16,329,355,904.458883, RMSE: 74,107,922,827.76683, R2: -33,905,328,853,320,993,580,448,219,136. – 0:00:01.614881 – 25.76 KB
[3,700] MAE: 15,939,707,028.375793, RMSE: 73,100,722,522.995239, R2: -33,311,007,756,361,480,408,120,950,784. – 0:00:01.659403 – 25.76 KB
[3,800] MAE: 19,701,764,126.587215, RMSE: 106,034,886,452.431396, R2: -68,596,499,277,928,635,986,599,739,392. – 0:00:01.704074 – 25.76 KB
[3,900] MAE: 21,552,738,056.388878, RMSE: 109,779,258,518.886063, R2: -71,878,810,369,136,342,838,301,163,520. – 0:00:01.748564 – 25.76 KB
[4,000] MAE: 23,849,914,344.038013, RMSE: 111,876,212,683.53894, R2: -74,842,760,567,257,291,754,196,434,944. – 0:00:01.793039 – 25.76 KB
[4,100] MAE: 25,797,550,368.219849, RMSE: 117,642,556,243.288376, R2: -81,117,294,544,548,354,068,142,096,384. – 0:00:01.837593 – 25.76 KB
[4,200] MAE: 27,025,720,373.389282, RMSE: 117,876,188,277.788925, R2: -77,592,810,375,706,883,641,787,285,504. – 0:00:01.882262 – 25.76 KB
[4,300] MAE: 27,028,562,038.672428, RMSE: 116,654,884,603.78624, R2: -75,055,302,064,651,925,475,030,990,848. – 0:00:01.926821 – 25.76 KB
[4,400] MAE: 26,676,704,816.215057, RMSE: 115,346,575,742.983017, R2: -73,160,621,824,552,410,985,822,945,280. – 0:00:01.971462 – 25.76 KB
[4,500] MAE: 26,239,133,250.934971, RMSE: 114,068,859,425.092728, R2: -71,770,582,978,854,331,735,154,360,320. – 0:00:02.016366 – 25.76 KB
[4,600] MAE: 27,776,061,483.476387, RMSE: 120,047,829,480.493866, R2: -79,087,627,905,156,460,194,029,371,392. – 0:00:02.060932 – 25.76 KB
[4,700] MAE: 28,289,161,512.308914, RMSE: 119,523,501,543.354919, R2: -79,023,123,744,634,809,268,138,147,840. – 0:00:02.105612 – 25.76 KB
[4,800] MAE: 27,953,392,959.014458, RMSE: 118,296,414,137.031845, R2: -78,463,489,040,720,286,368,210,616,320. – 0:00:02.150283 – 25.76 KB
[4,900] MAE: 27,498,772,444.57003, RMSE: 117,087,822,571.033005, R2: -78,046,994,533,601,024,290,716,647,424. – 0:00:02.195013 – 25.76 KB
[5,000] MAE: 27,012,328,139.375259, RMSE: 115,912,500,539.025284, R2: -77,527,395,741,298,911,228,660,285,440. – 0:00:02.239776 – 25.76 KB
[5,100] MAE: 26,522,633,109.157764, RMSE: 114,771,094,424.561829, R2: -76,414,874,154,760,422,258,976,489,472. – 0:00:02.284505 – 25.76 KB
[5,200] MAE: 26,055,613,327.039673, RMSE: 113,662,933,952.019699, R2: -75,205,390,336,981,807,401,562,800,128. – 0:00:02.329288 – 25.76 KB
[5,300] MAE: 25,610,005,744.705086, RMSE: 112,586,442,297.922363, R2: -74,409,629,237,704,852,102,694,567,936. – 0:00:02.373865 – 25.76 KB
[5,400] MAE: 25,179,498,591.342113, RMSE: 111,540,067,457.175079, R2: -73,668,185,661,842,173,906,183,520,256. – 0:00:02.418469 – 25.76 KB
[5,500] MAE: 24,761,694,099.515629, RMSE: 110,522,181,256.63472, R2: -72,809,979,891,651,795,934,670,487,552. – 0:00:02.462918 – 25.76 KB
[5,600] MAE: 24,361,172,006.652092, RMSE: 109,531,710,879.085815, R2: -71,744,670,091,472,278,480,490,594,304. – 0:00:02.507383 – 25.76 KB
[5,700] MAE: 23,971,185,372.158806, RMSE: 108,567,353,054.476379, R2: -70,595,426,884,810,308,634,292,518,912. – 0:00:02.551981 – 25.76 KB
[5,800] MAE: 23,587,767,474.331348, RMSE: 107,627,857,948.335571, R2: -69,647,575,833,139,872,176,382,410,752. – 0:00:02.596508 – 25.76 KB
[5,900] MAE: 23,212,080,846.568611, RMSE: 106,712,138,770.326447, R2: -68,667,846,493,189,077,314,480,111,616. – 0:00:02.641017 – 25.76 KB
[6,000] MAE: 24,637,211,381.524124, RMSE: 111,828,251,923.870468, R2: -74,067,510,321,643,747,279,334,539,264. – 0:00:02.685581 – 25.76 KB
[6,100] MAE: 25,075,353,771.879734, RMSE: 111,305,331,218.75174, R2: -72,388,808,819,660,671,727,488,204,800. – 0:00:02.730153 – 25.76 KB
[6,200] MAE: 25,216,782,107.804924, RMSE: 110,710,795,107.786133, R2: -71,281,018,854,844,454,667,951,276,032. – 0:00:02.774749 – 25.76 KB
[6,300] MAE: 25,124,804,384.378677, RMSE: 109,921,408,671.734818, R2: -70,611,399,750,863,277,667,244,834,816. – 0:00:02.819263 – 25.76 KB
[6,400] MAE: 24,806,869,205.259808, RMSE: 109,062,292,099.294159, R2: -70,235,559,115,905,693,499,544,043,520. – 0:00:02.863816 – 25.76 KB
[6,500] MAE: 24,463,942,310.390553, RMSE: 108,220,921,495.905106, R2: -69,095,192,938,090,204,743,218,495,488. – 0:00:02.908384 – 25.76 KB
[6,600] MAE: 24,133,287,639.282871, RMSE: 107,398,740,988.231461, R2: -68,079,962,329,040,053,065,348,022,272. – 0:00:02.953023 – 25.76 KB
[6,700] MAE: 26,562,774,468.492409, RMSE: 201,033,974,608.394165, R2: -236,570,311,705,096,122,193,644,879,872. – 0:00:02.997551 – 25.76 KB
[6,800] MAE: 27,040,778,958.075409, RMSE: 200,106,044,459.089752, R2: -231,690,765,098,281,148,964,493,328,384. – 0:00:03.042088 – 25.76 KB
[6,900] MAE: 26,847,834,845.659233, RMSE: 198,666,733,938.603516, R2: -228,700,123,157,093,033,791,337,791,488. – 0:00:03.086716 – 25.76 KB
[7,000] MAE: 26,555,678,236.753448, RMSE: 197,245,061,295.414429, R2: -226,620,674,851,681,873,748,236,959,744. – 0:00:03.131276 – 25.76 KB
[7,100] MAE: 26,229,748,151.497841, RMSE: 195,851,908,709.537598, R2: -224,172,070,912,834,317,040,817,799,168. – 0:00:03.175813 – 25.76 KB
[7,200] MAE: 25,901,753,387.409103, RMSE: 194,487,490,721.671356, R2: -219,675,862,708,698,212,112,067,985,408. – 0:00:03.220391 – 25.76 KB
[7,300] MAE: 25,574,072,413.539917, RMSE: 193,151,027,157.851868, R2: -214,893,414,463,138,344,133,640,323,072. – 0:00:03.264896 – 25.76 KB
[7,400] MAE: 27,084,984,708.270939, RMSE: 213,378,743,313.855469, R2: -258,868,932,902,875,786,893,049,462,784. – 0:00:03.309440 – 25.76 KB
[7,500] MAE: 37,065,002,024.444893, RMSE: 802,440,308,296.248535, R2: -3,562,066,879,897,955,050,520,907,350,016. – 0:00:03.354010 – 25.76 KB
[7,600] MAE: 37,230,897,155.878487, RMSE: 797,184,334,770.009888, R2: -3,485,120,757,276,977,949,272,052,858,880. – 0:00:03.398594 – 25.76 KB
[7,700] MAE: 37,001,325,031.756935, RMSE: 791,998,167,179.579834, R2: -3,440,684,883,028,403,887,467,996,905,472. – 0:00:03.443190 – 25.76 KB
[7,800] MAE: 36,655,564,893.474571, RMSE: 786,907,024,345.047607, R2: -3,417,010,364,917,804,115,613,706,092,544. – 0:00:03.487703 – 25.76 KB
[7,900] MAE: 36,262,975,770.396652, RMSE: 781,911,188,735.228149, R2: -3,401,855,684,027,248,920,171,068,260,352. – 0:00:03.532285 – 25.76 KB
[8,000] MAE: 35,854,779,139.365334, RMSE: 777,009,054,433.714478, R2: -3,387,882,015,350,124,507,884,710,526,976. – 0:00:03.576932 – 25.76 KB
[8,100] MAE: 35,464,815,602.249603, RMSE: 772,198,055,431.972534, R2: -3,370,986,176,218,187,328,152,141,824,000. – 0:00:03.621480 – 25.76 KB
[8,200] MAE: 35,070,906,757.170616, RMSE: 767,475,214,860.311523, R2: -3,356,319,467,692,627,029,342,522,703,872. – 0:00:03.666061 – 25.76 KB
[8,300] MAE: 34,689,202,147.331612, RMSE: 762,837,998,279.16394, R2: -3,338,781,256,931,126,241,159,337,213,952. – 0:00:03.710593 – 25.76 KB
[8,400] MAE: 34,312,228,958.120674, RMSE: 758,283,862,611.615967, R2: -3,325,407,598,912,581,473,328,691,150,848. – 0:00:03.755224 – 25.76 KB
[8,500] MAE: 33,949,045,172.41328, RMSE: 753,810,345,220.389771, R2: -3,306,472,453,866,012,820,803,369,828,352. – 0:00:03.800044 – 25.76 KB
[8,600] MAE: 33,702,565,826.44418, RMSE: 749,418,048,840.302368, R2: -3,269,239,617,141,305,877,054,179,246,080. – 0:00:03.844733 – 25.76 KB
[8,700] MAE: 33,392,434,386.773388, RMSE: 745,099,221,099.145386, R2: -3,235,623,523,633,104,993,012,833,845,248. – 0:00:03.889398 – 25.76 KB
[8,800] MAE: 33,057,796,160.890324, RMSE: 740,854,034,165.364502, R2: -3,199,764,037,830,381,532,366,787,051,520. – 0:00:03.934116 – 25.76 KB
[8,900] MAE: 32,723,966,113.303841, RMSE: 736,680,336,289.083618, R2: -3,169,636,749,901,116,809,330,567,413,760. – 0:00:03.978792 – 25.76 KB
[9,000] MAE: 32,380,722,216.664272, RMSE: 732,576,291,206.050171, R2: -3,138,817,901,377,288,911,056,856,416,256. – 0:00:04.023435 – 25.76 KB
[9,100] MAE: 32,179,440,625.626034, RMSE: 728,543,874,533.59668, R2: -3,085,863,646,731,286,427,897,406,947,328. – 0:00:04.068381 – 25.76 KB
[9,200] MAE: 31,902,566,625.288174, RMSE: 724,574,239,449.576538, R2: -3,052,978,886,471,394,265,867,028,004,864. – 0:00:04.113109 – 25.76 KB
[9,300] MAE: 31,588,491,181.765667, RMSE: 720,668,255,317.18103, R2: -3,028,676,591,815,076,062,410,007,642,112. – 0:00:04.157900 – 25.76 KB
[9,400] MAE: 31,266,560,709.076759, RMSE: 716,824,687,088.490601, R2: -3,006,017,348,471,739,781,696,320,438,272. – 0:00:04.202531 – 25.76 KB
[9,500] MAE: 30,957,073,177.011238, RMSE: 713,041,996,514.614624, R2: -2,982,790,457,073,513,557,441,139,179,520. – 0:00:04.247056 – 25.76 KB
[9,600] MAE: 30,649,357,917.758839, RMSE: 709,318,537,104.547119, R2: -2,961,604,001,803,505,664,937,225,617,408. – 0:00:04.291673 – 25.76 KB
[9,700] MAE: 30,345,032,332.431095, RMSE: 705,652,799,756.406738, R2: -2,946,401,763,831,535,159,754,524,459,008. – 0:00:04.336198 – 25.76 KB
[9,800] MAE: 30,046,177,631.71106, RMSE: 702,043,314,584.862183, R2: -2,935,165,535,196,209,881,921,940,881,408. – 0:00:04.380763 – 25.76 KB
[9,900] MAE: 29,752,699,607.239422, RMSE: 698,488,654,319.913574, R2: -2,922,405,905,832,408,416,343,761,616,896. – 0:00:04.425298 – 25.76 KB
[10,000] MAE: 29,467,903,612.770096, RMSE: 694,987,453,420.075195, R2: -2,907,017,215,279,801,677,706,640,228,352. – 0:00:04.469911 – 25.76 KB
[10,100] MAE: 29,959,500,922.613369, RMSE: 695,396,591,591.549072, R2: -2,914,676,768,448,989,695,950,765,162,496. – 0:00:04.514453 – 25.76 KB
[10,200] MAE: 29,918,339,552.715786, RMSE: 691,990,774,478.602417, R2: -2,892,198,309,118,476,213,345,415,331,840. – 0:00:04.558957 – 25.76 KB
[10,300] MAE: 29,719,457,816.096275, RMSE: 688,624,472,633.927124, R2: -2,867,472,303,290,722,927,859,392,839,680. – 0:00:04.603438 – 25.76 KB
[10,400] MAE: 29,488,685,610.547012, RMSE: 685,306,201,238.355103, R2: -2,848,366,161,966,686,987,321,178,324,992. – 0:00:04.647984 – 25.76 KB
[10,500] MAE: 29,236,981,756.960964, RMSE: 682,035,152,363.043213, R2: -2,820,216,135,065,257,674,529,814,085,632. – 0:00:04.692611 – 25.76 KB
[10,600] MAE: 29,526,344,334.79723, RMSE: 679,698,297,848.512085, R2: -2,810,898,507,948,151,382,680,373,559,296. – 0:00:04.737172 – 25.76 KB
[10,700] MAE: 32,278,697,841.646976, RMSE: 730,212,580,748.109497, R2: -3,250,324,804,086,628,670,226,609,209,344. – 0:00:04.781681 – 25.76 KB
[10,800] MAE: 32,235,660,829.708588, RMSE: 726,837,151,385.76709, R2: -3,236,817,817,118,206,937,373,702,356,992. – 0:00:04.826235 – 25.76 KB
[10,900] MAE: 32,011,492,929.229572, RMSE: 723,496,126,802.984741, R2: -3,225,453,113,624,715,181,719,868,669,952. – 0:00:04.870745 – 25.76 KB
[11,000] MAE: 31,754,107,463.126659, RMSE: 720,200,181,144.267212, R2: -3,208,268,868,931,066,104,561,543,413,760. – 0:00:04.915314 – 25.76 KB
[11,100] MAE: 31,483,341,487.819874, RMSE: 716,948,733,248.105835, R2: -3,190,040,636,351,875,330,021,494,095,872. – 0:00:04.959773 – 25.76 KB
[11,200] MAE: 39,510,716,314.137939, RMSE: 1,115,428,588,731.644043, R2: -7,729,113,655,107,146,333,899,274,059,776. – 0:00:05.004217 – 25.76 KB
[11,300] MAE: 39,210,133,896.055, RMSE: 1,110,482,334,445.462402, R2: -7,666,586,258,620,651,662,599,063,076,864. – 0:00:05.048621 – 25.76 KB
[11,400] MAE: 40,794,841,954.696617, RMSE: 1,117,442,925,925.588135, R2: -7,724,574,413,927,058,661,994,076,831,744. – 0:00:05.093099 – 25.76 KB
[11,500] MAE: 40,553,734,057.331924, RMSE: 1,112,575,198,704.25708, R2: -7,682,779,909,579,966,872,395,546,886,144. – 0:00:05.137566 – 25.76 KB
[11,600] MAE: 40,251,559,415.956581, RMSE: 1,107,769,441,179.65918, R2: -7,646,025,214,963,623,001,410,108,391,424. – 0:00:05.182064 – 25.76 KB
[11,700] MAE: 40,180,576,371.76535, RMSE: 1,103,044,376,600.927002, R2: -7,471,948,707,155,439,424,585,269,772,288. – 0:00:05.226541 – 25.76 KB
[11,800] MAE: 40,055,826,990.005463, RMSE: 1,098,366,060,552.483032, R2: -7,354,009,015,865,976,280,993,637,597,184. – 0:00:05.271007 – 25.76 KB
[11,900] MAE: 39,794,991,800.294533, RMSE: 1,093,742,457,261.677979, R2: -7,287,552,336,413,445,018,963,700,350,976. – 0:00:05.315519 – 25.76 KB
[12,000] MAE: 39,499,223,494.056313, RMSE: 1,089,175,776,437.982788, R2: -7,250,405,601,812,582,538,643,809,239,040. – 0:00:05.360231 – 25.76 KB
[12,100] MAE: 40,725,585,716.520714, RMSE: 1,085,170,840,647.059692, R2: -7,190,040,397,715,673,719,857,855,070,208. – 0:00:05.404934 – 25.76 KB
[12,200] MAE: 42,179,986,547.525162, RMSE: 1,081,997,753,402.163818, R2: -7,163,277,016,955,697,967,928,166,055,936. – 0:00:05.449369 – 25.76 KB
[12,300] MAE: 42,064,322,004.245087, RMSE: 1,077,595,284,766.884644, R2: -7,133,386,435,459,827,542,275,030,777,856. – 0:00:05.493844 – 25.76 KB
[12,400] MAE: 41,832,882,325.677826, RMSE: 1,073,242,603,392.424072, R2: -7,101,399,780,632,349,308,020,424,966,144. – 0:00:05.538379 – 25.76 KB
[12,500] MAE: 41,638,927,028.167885, RMSE: 1,068,943,780,363.484497, R2: -7,022,076,338,430,506,463,425,804,107,776. – 0:00:05.582896 – 25.76 KB
[12,600] MAE: 47,235,906,022.449837, RMSE: 1,208,541,787,002.468506, R2: -8,838,119,329,234,871,502,974,973,116,416. – 0:00:05.627408 – 25.76 KB
[12,700] MAE: 47,489,868,900.647217, RMSE: 1,203,826,517,005.043945, R2: -8,752,104,961,870,366,589,166,160,969,728. – 0:00:05.672022 – 25.76 KB
[12,800] MAE: 47,330,018,377.039833, RMSE: 1,199,119,487,457.949707, R2: -8,706,699,106,052,198,804,292,569,661,440. – 0:00:05.716552 – 25.76 KB
[12,900] MAE: 47,215,145,344.032082, RMSE: 1,194,471,067,130.976562, R2: -8,577,325,297,683,928,675,948,462,866,432. – 0:00:05.761065 – 25.76 KB
[13,000] MAE: 47,098,417,502.640114, RMSE: 1,189,876,294,074.459961, R2: -8,448,613,185,141,867,009,055,318,343,680. – 0:00:05.805489 – 25.76 KB
[13,100] MAE: 47,942,043,927.219719, RMSE: 1,191,542,759,100.878662, R2: -8,480,475,759,013,373,346,640,960,684,032. – 0:00:05.849922 – 25.76 KB
[13,200] MAE: 47,662,893,177.673401, RMSE: 1,187,021,699,296.568359, R2: -8,408,640,035,559,926,097,967,243,591,680. – 0:00:05.894417 – 25.76 KB
[13,300] MAE: 47,327,878,019.270996, RMSE: 1,182,550,840,523.299561, R2: -8,343,864,253,643,570,122,382,706,212,864. – 0:00:05.938930 – 25.76 KB
[13,400] MAE: 46,989,629,575.796951, RMSE: 1,178,130,098,487.830811, R2: -8,284,011,064,531,762,540,772,381,949,952. – 0:00:05.983464 – 25.76 KB
[13,500] MAE: 46,664,995,218.650101, RMSE: 1,173,758,602,763.415283, R2: -8,206,322,251,951,948,999,904,953,630,720. – 0:00:06.028236 – 25.76 KB
[13,600] MAE: 46,334,253,255.70462, RMSE: 1,169,435,366,124.847168, R2: -8,176,927,621,203,522,678,011,017,035,776. – 0:00:06.072619 – 25.76 KB
[13,700] MAE: 46,007,106,157.792114, RMSE: 1,165,159,549,521.331299, R2: -8,152,646,607,590,620,145,076,536,344,576. – 0:00:06.115588 – 25.76 KB
