[100] MAE: 0.000416, RMSE: 0.00053, R2: -14.155036 – 0:00:00.082118 – 24.67 KB
[200] MAE: 0.000287, RMSE: 0.000406, R2: -6.616617 – 0:00:00.138863 – 25.74 KB
[300] MAE: 0.000232, RMSE: 0.000344, R2: -4.392408 – 0:00:00.183387 – 25.74 KB
[400] MAE: 0.000212, RMSE: 0.000316, R2: -3.007988 – 0:00:00.228097 – 25.74 KB
[500] MAE: 0.000196, RMSE: 0.000294, R2: -2.328935 – 0:00:00.272715 – 25.74 KB
[600] MAE: 0.050843, RMSE: 1.139281, R2: -23,991,915.674897 – 0:00:00.317396 – 25.74 KB
[700] MAE: 379,221.253878, RMSE: 3,220,438.235434, R2: -132,365,248,608,844,087,296. – 0:00:00.362053 – 25.74 KB
[800] MAE: 1,896,347.777708, RMSE: 9,264,251.103787, R2: -900,639,118,568,221,835,264. – 0:00:00.406721 – 25.74 KB
[900] MAE: 1,927,129.928924, RMSE: 8,798,529.267491, R2: -753,875,963,040,232,898,560. – 0:00:00.451454 – 25.74 KB
[1,000] MAE: 1,792,648.813899, RMSE: 8,351,247.848342, R2: -694,235,479,929,576,357,888. – 0:00:00.496151 – 25.74 KB
[1,100] MAE: 1,657,393.285298, RMSE: 7,963,594.745832, R2: -637,979,434,187,920,900,096. – 0:00:00.541347 – 25.74 KB
[1,200] MAE: 4,628,523.727135, RMSE: 28,714,175.233821, R2: -8,064,243,298,974,841,176,064. – 0:00:00.586144 – 25.74 KB
[1,300] MAE: 9,841,491.322867, RMSE: 45,758,636.621133, R2: -20,373,875,340,838,644,482,048. – 0:00:00.631564 – 25.74 KB
[1,400] MAE: 10,637,007.430444, RMSE: 44,762,019.865747, R2: -19,599,597,201,192,059,404,288. – 0:00:00.676476 – 25.74 KB
[1,500] MAE: 10,787,152.091302, RMSE: 43,474,481.978173, R2: -17,590,588,045,429,401,714,688. – 0:00:00.721895 – 25.74 KB
[1,600] MAE: 10,689,896.910497, RMSE: 42,218,587.957309, R2: -14,460,052,996,231,574,585,344. – 0:00:00.766703 – 25.74 KB
[1,700] MAE: 47,312,479.627857, RMSE: 514,864,753.806577, R2: -2,007,329,737,575,813,793,972,224. – 0:00:00.811555 – 25.74 KB
[1,800] MAE: 5,310,922,430.319081, RMSE: 72,043,792,457.569962, R2: -38,583,449,533,717,868,620,346,818,560. – 0:00:00.856295 – 25.74 KB
[1,900] MAE: 14,246,419,684.414686, RMSE: 92,801,223,352.131241, R2: -62,183,328,978,514,135,515,503,001,600. – 0:00:00.901143 – 25.74 KB
[2,000] MAE: 24,052,572,324.771198, RMSE: 126,872,393,257.641006, R2: -108,861,699,725,284,418,402,455,126,016. – 0:00:00.945968 – 25.74 KB
[2,100] MAE: 25,272,742,377.635311, RMSE: 125,563,294,791.705505, R2: -105,751,517,498,198,650,772,871,184,384. – 0:00:00.990882 – 25.74 KB
[2,200] MAE: 25,947,031,173.112385, RMSE: 124,803,655,133.435089, R2: -102,744,624,083,714,707,373,244,284,928. – 0:00:01.035721 – 25.74 KB
[2,300] MAE: 39,837,345,651.375206, RMSE: 505,034,543,694.807617, R2: -1,498,325,067,045,527,160,366,125,023,232. – 0:00:01.080558 – 25.74 KB
[2,400] MAE: 40,550,016,969.842316, RMSE: 494,835,430,579.231323, R2: -1,423,425,518,096,816,793,321,950,150,656. – 0:00:01.125473 – 25.74 KB
[2,500] MAE: 39,322,035,610.83876, RMSE: 484,844,353,810.382202, R2: -1,389,773,732,850,920,117,199,156,805,632. – 0:00:01.170218 – 25.74 KB
[2,600] MAE: 38,191,381,031.145111, RMSE: 475,438,709,818.85675, R2: -1,362,460,152,772,464,255,278,958,772,224. – 0:00:01.215148 – 25.74 KB
[2,700] MAE: 36,967,299,250.496735, RMSE: 466,553,428,153.857788, R2: -1,341,073,818,226,732,473,028,469,325,824. – 0:00:01.260055 – 25.74 KB
[2,800] MAE: 37,442,044,936.397346, RMSE: 458,395,311,190.115845, R2: -1,310,900,262,068,901,551,914,287,628,288. – 0:00:01.305343 – 25.74 KB
[2,900] MAE: 36,599,668,498.191788, RMSE: 450,436,220,198.109009, R2: -1,277,244,699,679,448,649,025,653,309,440. – 0:00:01.350370 – 25.74 KB
[3,000] MAE: 35,565,172,156.00016, RMSE: 442,867,346,019.130981, R2: -1,237,516,456,579,183,110,408,676,311,040. – 0:00:01.395535 – 25.74 KB
[3,100] MAE: 34,497,166,257.694458, RMSE: 435,666,184,757.385437, R2: -1,211,224,474,477,463,416,493,907,640,320. – 0:00:01.440677 – 25.74 KB
[3,200] MAE: 33,480,525,280.466274, RMSE: 428,805,128,861.151245, R2: -1,190,542,205,540,612,765,931,892,899,840. – 0:00:01.485799 – 25.74 KB
[3,300] MAE: 32,542,941,147.679413, RMSE: 422,258,484,141.587402, R2: -1,174,139,501,965,296,494,541,667,303,424. – 0:00:01.531297 – 25.74 KB
[3,400] MAE: 31,719,393,471.029839, RMSE: 416,004,454,398.729248, R2: -1,103,124,768,081,738,051,606,466,789,376. – 0:00:01.576291 – 25.74 KB
[3,500] MAE: 30,865,661,080.587788, RMSE: 410,018,688,990.787537, R2: -1,048,305,273,969,699,044,781,524,516,864. – 0:00:01.621835 – 25.74 KB
[3,600] MAE: 30,052,881,815.986279, RMSE: 404,284,044,108.081116, R2: -1,015,760,965,661,762,344,526,486,175,744. – 0:00:01.667007 – 25.74 KB
[3,700] MAE: 29,276,428,396.123215, RMSE: 398,783,424,528.375854, R2: -995,250,136,550,435,894,921,579,724,800. – 0:00:01.713077 – 25.74 KB
[3,800] MAE: 35,434,237,154.237892, RMSE: 406,600,890,221.167603, R2: -995,370,262,552,526,666,004,451,819,520. – 0:00:01.758302 – 25.74 KB
[3,900] MAE: 39,908,732,115.01075, RMSE: 412,124,759,450.967407, R2: -1,004,819,428,634,479,902,926,619,803,648. – 0:00:01.803847 – 25.74 KB
[4,000] MAE: 39,311,621,013.420807, RMSE: 406,958,835,377.744202, R2: -989,121,720,049,621,500,585,909,944,320. – 0:00:01.848979 – 25.74 KB
[4,100] MAE: 39,706,977,832.893967, RMSE: 402,514,351,305.691101, R2: -933,028,234,248,101,580,723,376,357,376. – 0:00:01.894535 – 25.74 KB
[4,200] MAE: 39,148,612,478.499191, RMSE: 397,715,406,869.517273, R2: -879,156,435,928,295,192,042,330,390,528. – 0:00:01.939815 – 25.74 KB
[4,300] MAE: 38,387,540,288.959808, RMSE: 393,066,053,086.156372, R2: -845,988,478,221,778,033,461,698,756,608. – 0:00:01.985171 – 25.74 KB
[4,400] MAE: 37,626,836,201.873169, RMSE: 388,575,795,332.047729, R2: -824,499,406,641,078,031,374,826,340,352. – 0:00:02.030507 – 25.74 KB
[4,500] MAE: 36,852,418,133.472015, RMSE: 384,234,397,767.074646, R2: -811,957,995,120,527,517,587,441,975,296. – 0:00:02.075432 – 25.74 KB
[4,600] MAE: 37,546,980,616.852562, RMSE: 381,129,653,831.2854, R2: -794,493,327,990,611,111,829,844,262,912. – 0:00:02.120457 – 25.74 KB
[4,700] MAE: 37,897,027,314.394302, RMSE: 377,261,528,243.749573, R2: -788,870,481,928,492,872,505,281,740,800. – 0:00:02.165114 – 25.74 KB
[4,800] MAE: 37,382,083,655.517578, RMSE: 373,320,636,141.015381, R2: -784,747,761,069,699,320,687,548,694,528. – 0:00:02.209920 – 25.74 KB
[4,900] MAE: 36,764,460,317.306465, RMSE: 369,494,092,110.763306, R2: -776,711,681,604,038,223,604,519,796,736. – 0:00:02.254827 – 25.74 KB
[5,000] MAE: 36,116,345,190.033829, RMSE: 365,781,409,963.633362, R2: -771,323,220,946,162,198,663,684,685,824. – 0:00:02.299743 – 25.74 KB
[5,100] MAE: 35,468,557,643.79763, RMSE: 362,178,009,176.334839, R2: -761,104,525,687,412,747,324,260,089,856. – 0:00:02.344450 – 25.74 KB
[5,200] MAE: 34,826,450,789.039482, RMSE: 358,678,806,479.304138, R2: -748,909,109,940,730,090,405,431,869,440. – 0:00:02.389126 – 25.74 KB
[5,300] MAE: 34,220,847,213.218224, RMSE: 355,279,297,689.182861, R2: -740,870,659,200,352,353,522,198,511,616. – 0:00:02.433972 – 25.74 KB
[5,400] MAE: 33,625,090,993.656582, RMSE: 351,974,500,658.440735, R2: -732,384,773,799,547,042,453,094,662,144. – 0:00:02.478656 – 25.74 KB
[5,500] MAE: 33,050,846,435.997215, RMSE: 348,760,234,688.845825, R2: -724,766,102,612,948,889,964,805,881,856. – 0:00:02.523368 – 25.74 KB
[5,600] MAE: 32,498,626,799.207592, RMSE: 345,632,471,002.794128, R2: -712,507,192,482,034,807,603,644,596,224. – 0:00:02.568456 – 25.74 KB
[5,700] MAE: 31,965,532,457.33205, RMSE: 342,587,386,534.894226, R2: -702,503,643,452,228,035,287,447,502,848. – 0:00:02.613267 – 25.74 KB
[5,800] MAE: 31,443,981,207.83411, RMSE: 339,621,348,212.718872, R2: -692,952,598,375,209,200,014,021,623,808. – 0:00:02.658311 – 25.74 KB
[5,900] MAE: 30,936,189,615.344204, RMSE: 336,731,003,861.32373, R2: -684,062,397,016,288,041,957,775,638,528. – 0:00:02.703025 – 25.74 KB
[6,000] MAE: 30,735,699,488.987431, RMSE: 333,974,517,767.295898, R2: -664,770,341,557,836,123,425,113,899,008. – 0:00:02.747727 – 25.74 KB
[6,100] MAE: 31,322,989,073.540249, RMSE: 331,467,992,583.057251, R2: -645,878,207,490,243,291,892,299,071,488. – 0:00:02.792444 – 25.74 KB
[6,200] MAE: 32,254,543,297.35659, RMSE: 329,651,390,036.854004, R2: -634,659,788,177,698,807,998,090,051,584. – 0:00:02.837201 – 25.74 KB
[6,300] MAE: 33,912,773,737.76656, RMSE: 329,128,667,570.994812, R2: -631,410,887,942,473,814,349,638,008,832. – 0:00:02.882050 – 25.74 KB
[6,400] MAE: 33,653,339,560.081921, RMSE: 326,560,185,500.385376, R2: -628,055,865,980,255,599,307,419,287,552. – 0:00:02.926978 – 25.74 KB
[6,500] MAE: 33,250,388,158.106632, RMSE: 324,041,039,743.890747, R2: -619,459,192,443,690,037,424,666,181,632. – 0:00:02.972218 – 25.74 KB
[6,600] MAE: 32,836,420,343.212414, RMSE: 321,578,276,325.760437, R2: -607,624,028,380,281,114,391,222,419,456. – 0:00:03.017381 – 25.74 KB
[6,700] MAE: 34,569,344,276.099373, RMSE: 353,191,112,466.475769, R2: -726,412,681,393,854,636,840,934,440,960. – 0:00:03.062543 – 25.74 KB
[6,800] MAE: 34,322,710,471.720776, RMSE: 350,597,598,144.455505, R2: -707,457,458,874,063,857,698,736,177,152. – 0:00:03.107768 – 25.74 KB
[6,900] MAE: 33,942,458,849.470177, RMSE: 348,050,186,789.944336, R2: -700,990,436,474,464,043,238,552,502,272. – 0:00:03.152881 – 25.74 KB
[7,000] MAE: 33,510,815,087.007126, RMSE: 345,555,681,471.86261, R2: -695,930,533,534,847,516,394,311,909,376. – 0:00:03.197729 – 25.74 KB
[7,100] MAE: 33,102,062,246.450512, RMSE: 343,114,509,727.34436, R2: -687,603,572,663,716,274,029,119,668,224. – 0:00:03.242477 – 25.74 KB
[7,200] MAE: 32,676,292,338.933334, RMSE: 340,723,654,766.928711, R2: -674,733,813,144,873,127,462,276,431,872. – 0:00:03.287410 – 25.74 KB
[7,300] MAE: 32,247,939,908.755489, RMSE: 338,381,947,508.474609, R2: -656,055,956,179,105,885,540,302,454,784. – 0:00:03.332233 – 25.74 KB
[7,400] MAE: 31,839,049,051.696445, RMSE: 336,087,969,748.471497, R2: -636,237,418,765,676,099,324,335,882,240. – 0:00:03.377219 – 25.74 KB
[7,500] MAE: 40,283,460,141.504967, RMSE: 590,274,941,277.171875, R2: -1,910,298,828,552,744,410,718,192,795,648. – 0:00:03.422027 – 25.74 KB
[7,600] MAE: 40,404,395,198.134285, RMSE: 586,426,142,582.137451, R2: -1,879,774,728,386,130,469,067,226,611,712. – 0:00:03.467046 – 25.74 KB
[7,700] MAE: 40,162,043,681.445107, RMSE: 582,618,375,352.557495, R2: -1,863,393,809,589,278,003,074,772,762,624. – 0:00:03.511828 – 25.74 KB
[7,800] MAE: 39,752,222,173.902847, RMSE: 578,873,106,358.464844, R2: -1,851,996,581,755,593,143,845,017,092,096. – 0:00:03.556699 – 25.74 KB
[7,900] MAE: 39,297,398,732.759987, RMSE: 575,198,011,063.663086, R2: -1,841,974,162,398,666,276,970,610,819,072. – 0:00:03.601321 – 25.74 KB
[8,000] MAE: 38,844,125,488.354324, RMSE: 571,591,906,409.041992, R2: -1,834,704,274,253,066,763,284,403,716,096. – 0:00:03.646077 – 25.74 KB
[8,100] MAE: 38,394,618,219.478645, RMSE: 568,052,699,928.244995, R2: -1,825,568,431,527,894,653,479,484,915,712. – 0:00:03.690893 – 25.74 KB
[8,200] MAE: 37,952,247,464.944817, RMSE: 564,578,428,406.592529, R2: -1,817,377,698,684,202,398,371,016,605,696. – 0:00:03.735652 – 25.74 KB
[8,300] MAE: 37,518,336,557.633904, RMSE: 561,167,113,439.210571, R2: -1,808,279,694,162,738,668,153,327,321,088. – 0:00:03.780464 – 25.74 KB
[8,400] MAE: 37,098,038,294.005844, RMSE: 557,816,914,618.760254, R2: -1,798,101,116,718,225,550,455,315,890,176. – 0:00:03.825157 – 25.74 KB
[8,500] MAE: 36,686,551,928.35643, RMSE: 554,526,009,290.667236, R2: -1,788,890,376,236,211,172,463,526,019,072. – 0:00:03.869982 – 25.74 KB
[8,600] MAE: 36,290,915,682.785965, RMSE: 551,292,720,163.398682, R2: -1,773,104,880,888,018,720,602,384,760,832. – 0:00:03.914705 – 25.74 KB
[8,700] MAE: 35,931,916,159.350807, RMSE: 548,115,816,974.685486, R2: -1,751,493,342,269,669,656,095,755,337,728. – 0:00:03.959695 – 25.74 KB
[8,800] MAE: 35,558,092,496.65062, RMSE: 544,992,807,506.555786, R2: -1,731,851,165,004,188,252,771,585,097,728. – 0:00:04.004480 – 25.74 KB
[8,900] MAE: 35,178,462,936.215279, RMSE: 541,922,460,464.234802, R2: -1,714,450,575,082,822,286,843,437,907,968. – 0:00:04.049159 – 25.74 KB
[9,000] MAE: 34,804,196,864.2547, RMSE: 538,903,410,518.158081, R2: -1,698,284,277,531,515,124,120,278,794,240. – 0:00:04.093976 – 25.74 KB
[9,100] MAE: 34,439,493,165.921638, RMSE: 535,934,272,868.525269, R2: -1,668,975,247,161,928,978,723,443,310,592. – 0:00:04.138668 – 25.74 KB
[9,200] MAE: 34,083,222,800.15781, RMSE: 533,013,676,958.278748, R2: -1,651,615,563,649,096,634,676,983,889,920. – 0:00:04.183401 – 25.74 KB
[9,300] MAE: 33,730,412,335.435822, RMSE: 530,140,292,950.916809, R2: -1,637,551,025,445,626,942,037,946,269,696. – 0:00:04.228191 – 25.74 KB
[9,400] MAE: 33,387,082,030.937817, RMSE: 527,312,896,470.604553, R2: -1,625,633,716,962,365,267,978,624,172,032. – 0:00:04.273027 – 25.74 KB
[9,500] MAE: 33,047,011,451.434608, RMSE: 524,530,241,824.057373, R2: -1,613,367,103,725,664,248,160,619,331,584. – 0:00:04.318219 – 25.74 KB
[9,600] MAE: 32,715,771,445.123112, RMSE: 521,791,189,041.917175, R2: -1,601,546,497,664,548,226,566,455,296,000. – 0:00:04.363132 – 25.74 KB
[9,700] MAE: 32,389,888,646.218632, RMSE: 519,094,597,315.818909, R2: -1,595,293,640,904,916,446,762,558,816,256. – 0:00:04.407957 – 25.74 KB
[9,800] MAE: 32,071,302,217.847061, RMSE: 516,439,384,911.484924, R2: -1,588,530,885,850,839,328,337,873,076,224. – 0:00:04.452817 – 25.74 KB
[9,900] MAE: 31,759,680,558.627457, RMSE: 513,824,512,494.046265, R2: -1,581,524,789,053,861,079,700,392,116,224. – 0:00:04.497674 – 25.74 KB
[10,000] MAE: 31,451,593,050.467865, RMSE: 511,248,949,719.196655, R2: -1,573,379,602,365,387,173,786,575,437,824. – 0:00:04.542490 – 25.74 KB
[10,100] MAE: 31,767,090,466.098602, RMSE: 510,278,159,089.549316, R2: -1,566,741,707,486,024,098,083,038,560,256. – 0:00:04.587417 – 25.74 KB
[10,200] MAE: 32,848,894,868.251312, RMSE: 522,018,443,651.665833, R2: -1,643,910,004,103,007,119,376,012,804,096. – 0:00:04.632269 – 25.74 KB
[10,300] MAE: 32,684,144,075.694824, RMSE: 519,483,173,154.97406, R2: -1,631,986,272,454,931,695,231,368,691,712. – 0:00:04.677196 – 25.74 KB
[10,400] MAE: 32,408,835,357.022572, RMSE: 516,979,910,859.301941, R2: -1,620,803,939,820,465,019,717,377,064,960. – 0:00:04.722157 – 25.74 KB
[10,500] MAE: 32,125,683,126.476715, RMSE: 514,512,331,769.149414, R2: -1,604,344,189,272,340,225,296,703,684,608. – 0:00:04.767040 – 25.74 KB
[10,600] MAE: 31,841,244,386.684311, RMSE: 512,079,718,813.016052, R2: -1,594,696,444,708,374,839,648,657,080,320. – 0:00:04.811946 – 25.74 KB
[10,700] MAE: 33,094,078,015.131119, RMSE: 521,309,700,291.932556, R2: -1,658,653,026,719,289,904,631,795,154,944. – 0:00:04.856806 – 25.74 KB
[10,800] MAE: 32,958,305,440.87331, RMSE: 518,897,117,110.927673, R2: -1,647,942,193,384,402,181,669,829,738,496. – 0:00:04.901526 – 25.74 KB
[10,900] MAE: 32,700,830,767.089325, RMSE: 516,511,898,487.081421, R2: -1,641,026,982,850,070,355,467,263,016,960. – 0:00:04.946208 – 25.74 KB
[11,000] MAE: 32,426,466,636.921307, RMSE: 514,158,881,208.467651, R2: -1,632,453,017,198,224,900,859,413,659,648. – 0:00:04.991037 – 25.74 KB
[11,100] MAE: 32,143,017,100.974033, RMSE: 511,837,626,159.266357, R2: -1,623,484,286,055,707,954,582,361,473,024. – 0:00:05.035810 – 25.74 KB
[11,200] MAE: 32,659,273,963.625988, RMSE: 511,416,103,137.130981, R2: -1,623,714,901,123,996,999,074,145,370,112. – 0:00:05.080531 – 25.74 KB
[11,300] MAE: 32,554,024,070.516438, RMSE: 509,156,235,788.030212, R2: -1,610,930,907,895,388,892,384,039,272,448. – 0:00:05.125266 – 25.74 KB
[11,400] MAE: 33,041,067,173.993683, RMSE: 509,326,467,659.83136, R2: -1,608,573,479,004,466,915,872,897,761,280. – 0:00:05.170020 – 25.74 KB
[11,500] MAE: 32,981,503,436.497368, RMSE: 507,120,541,785.968811, R2: -1,596,677,018,548,213,432,124,318,941,184. – 0:00:05.214843 – 25.74 KB
[11,600] MAE: 32,735,413,559.668953, RMSE: 504,930,246,816.470398, R2: -1,591,601,858,459,093,148,777,907,748,864. – 0:00:05.259556 – 25.74 KB
[11,700] MAE: 33,730,051,582.596153, RMSE: 503,329,522,662.889648, R2: -1,557,792,219,534,156,020,022,492,790,784. – 0:00:05.304424 – 25.74 KB
[11,800] MAE: 34,203,849,688.689682, RMSE: 501,556,360,868.201965, R2: -1,534,937,055,174,720,010,417,415,913,472. – 0:00:05.349206 – 25.74 KB
[11,900] MAE: 34,099,512,246.16737, RMSE: 499,452,195,428.340332, R2: -1,519,304,382,483,428,609,652,214,988,800. – 0:00:05.394024 – 25.74 KB
[12,000] MAE: 33,907,165,578.225723, RMSE: 497,368,350,484.490601, R2: -1,510,197,783,066,711,088,656,522,674,176. – 0:00:05.438792 – 25.74 KB
[12,100] MAE: 36,933,051,874.531548, RMSE: 545,701,644,316.330139, R2: -1,818,281,951,015,143,868,957,127,081,984. – 0:00:05.483573 – 25.74 KB
[12,200] MAE: 38,193,951,333.436798, RMSE: 544,458,321,896.775757, R2: -1,815,780,141,255,066,631,750,062,964,736. – 0:00:05.528420 – 25.74 KB
[12,300] MAE: 38,243,759,457.712532, RMSE: 542,267,150,962.974609, R2: -1,808,088,404,663,884,527,006,749,032,448. – 0:00:05.573099 – 25.74 KB
[12,400] MAE: 38,080,640,143.848663, RMSE: 540,080,924,601.909302, R2: -1,800,333,464,943,892,500,239,471,345,664. – 0:00:05.617861 – 25.74 KB
[12,500] MAE: 43,659,032,530.603348, RMSE: 779,454,232,537.859863, R2: -3,731,023,477,185,111,971,487,637,569,536. – 0:00:05.662660 – 25.74 KB
[12,600] MAE: 44,369,862,353.480164, RMSE: 776,595,688,575.474854, R2: -3,654,063,630,400,488,093,580,569,608,192. – 0:00:05.707405 – 25.74 KB
[12,700] MAE: 44,530,805,212.952934, RMSE: 773,587,473,610.150269, R2: -3,611,822,106,420,767,141,579,653,644,288. – 0:00:05.752213 – 25.74 KB
[12,800] MAE: 44,306,743,079.794617, RMSE: 770,562,178,723.842407, R2: -3,591,960,106,542,719,989,073,162,797,056. – 0:00:05.797265 – 25.74 KB
[12,900] MAE: 44,095,588,661.239265, RMSE: 767,572,743,598.754517, R2: -3,537,797,195,290,127,756,053,450,850,304. – 0:00:05.842440 – 25.74 KB
[13,000] MAE: 43,832,950,281.812714, RMSE: 764,615,756,128.154053, R2: -3,489,798,285,329,282,094,015,755,321,344. – 0:00:05.887270 – 25.74 KB
[13,100] MAE: 44,716,418,770.208847, RMSE: 771,665,382,708.673706, R2: -3,554,846,845,185,839,880,877,627,146,240. – 0:00:05.932522 – 25.74 KB
[13,200] MAE: 44,444,225,462.130798, RMSE: 768,737,749,828.143799, R2: -3,529,016,307,956,142,354,168,616,583,168. – 0:00:05.977334 – 25.74 KB
[13,300] MAE: 44,138,268,873.130943, RMSE: 765,842,425,953.692139, R2: -3,502,967,498,080,026,606,153,202,925,568. – 0:00:06.022140 – 25.74 KB
[13,400] MAE: 43,843,502,692.119331, RMSE: 762,979,645,963.968994, R2: -3,474,371,030,873,681,557,869,513,670,656. – 0:00:06.067130 – 25.74 KB
[13,500] MAE: 43,542,938,601.617676, RMSE: 760,148,628,970.830444, R2: -3,449,456,267,402,296,710,546,480,693,248. – 0:00:06.112006 – 25.74 KB
[13,600] MAE: 43,241,424,269.46833, RMSE: 757,348,870,987.847412, R2: -3,434,961,290,539,871,728,616,754,642,944. – 0:00:06.156859 – 25.74 KB
[13,700] MAE: 42,946,417,423.32412, RMSE: 754,579,829,939.014648, R2: -3,418,324,384,133,620,056,297,161,359,360. – 0:00:06.199964 – 25.74 KB
